[gd_scene load_steps=5 format=3 uid="uid://c2d2lsxj366ba"]

[ext_resource type="PackedScene" uid="uid://dpm3jewkmcw35" path="res://player.tscn" id="1_yoja3"]

[sub_resource type="ProceduralSkyMaterial" id="ProceduralSkyMaterial_s63i7"]
sky_horizon_color = Color(0.64625, 0.65575, 0.67075, 1)
ground_horizon_color = Color(0.64625, 0.65575, 0.67075, 1)

[sub_resource type="Sky" id="Sky_tf04n"]
sky_material = SubResource("ProceduralSkyMaterial_s63i7")

[sub_resource type="Environment" id="Environment_6rc40"]
background_mode = 2
sky = SubResource("Sky_tf04n")
ambient_light_sky_contribution = 0.85
tonemap_mode = 2
glow_enabled = true

[node name="Windmill_Interior" type="Node3D"]

[node name="WorldEnvironment" type="WorldEnvironment" parent="."]
environment = SubResource("Environment_6rc40")

[node name="DirectionalLight3D" type="DirectionalLight3D" parent="."]
transform = Transform3D(-0.866025, -0.433013, 0.25, 0, 0.5, 0.866025, -0.5, 0.75, -0.433013, 0, 1.39064, 0)
shadow_enabled = true

[node name="Stage" type="Node3D" parent="."]

[node name="wall" type="CSGBox3D" parent="Stage"]
transform = Transform3D(1, 0, 0, 0, 1, 0, 0, 0, 1, 0.514464, 1.51542, -3.72932)
use_collision = true
size = Vector3(4.96169, 3.4792, 0.002)

[node name="wall7" type="CSGBox3D" parent="Stage"]
transform = Transform3D(1, 0, 0, 0, 1, 0, 0, 0, 1, 0.944891, 1.51542, 4.22611)
use_collision = true
size = Vector3(5.02796, 3.4792, 0.002)

[node name="wall2" type="CSGBox3D" parent="Stage"]
transform = Transform3D(0.5, 0, 0.866025, 0, 1, 0, -0.866025, 0, 0.5, -2.39469, 1.51542, -1.61062)
use_collision = true
size = Vector3(6.00354, 3.4792, 0.002)

[node name="wall4" type="CSGBox3D" parent="Stage"]
transform = Transform3D(0.5, 0, 0.866025, 0, 1, 0, -0.866025, 0, 0.5, 4.36322, 1.51542, 2.28227)
use_collision = true
size = Vector3(4.77773, 3.4792, 0.002)

[node name="wall5" type="CSGBox3D" parent="Stage"]
transform = Transform3D(-0.5, 0, 0.866025, 0, 1, 0, -0.866025, 0, -0.5, 4.15553, 1.51542, -1.58034)
use_collision = true
size = Vector3(5.24154, 3.4792, 0.002)

[node name="wall6" type="CSGBox3D" parent="Stage"]
transform = Transform3D(-0.5, 0, 0.866025, 0, 1, 0, -0.866025, 0, -0.5, -2.50145, 1.51542, 2.39293)
use_collision = true
size = Vector3(4.54196, 3.4792, 0.002)

[node name="wall3" type="CSGBox3D" parent="Stage"]
transform = Transform3D(1, 0, 0, 0, 0.866025, -0.5, 0, 0.5, 0.866025, 0.514464, 4.1114, -3.2217)
use_collision = true
size = Vector3(4.96169, 3.4792, 0.002)

[node name="wall8" type="CSGBox3D" parent="Stage"]
transform = Transform3D(1, 0, 0, 0, 0.866025, 0.5, 0, -0.5, 0.866025, 0.944891, 4.1114, 3.83713)
use_collision = true
size = Vector3(5.02796, 3.4792, 0.002)

[node name="wall9" type="CSGBox3D" parent="Stage"]
transform = Transform3D(0.5, 0.433013, 0.75, 0, 0.866025, -0.5, -0.866025, 0.25, 0.433013, -2.17173, 4.1114, -1.43432)
use_collision = true
size = Vector3(6.00354, 3.4792, 0.002)

[node name="wall10" type="CSGBox3D" parent="Stage"]
transform = Transform3D(0.5, -0.433013, 0.75, 0, 0.866025, 0.5, -0.866025, -0.25, 0.433013, 4.11907, 4.1114, 1.86966)
use_collision = true
size = Vector3(4.77773, 3.4792, 0.002)

[node name="wall11" type="CSGBox3D" parent="Stage"]
transform = Transform3D(-0.5, -0.433013, 0.75, 0, 0.866025, 0.5, -0.866025, 0.25, -0.433013, 3.84843, 4.1114, -1.26488)
use_collision = true
size = Vector3(5.24154, 3.4792, 0.002)

[node name="wall12" type="CSGBox3D" parent="Stage"]
transform = Transform3D(-0.5, 0.433013, 0.75, 0, 0.866025, -0.5, -0.866025, -0.25, -0.433013, -2.14889, 4.1114, 2.19427)
use_collision = true
size = Vector3(4.54196, 3.4792, 0.002)

[node name="post" type="CSGCylinder3D" parent="Stage"]
transform = Transform3D(1, 0, 0, 0, 1, 0, 0, 0, 1, 0.987571, 3.57561, 0.555286)
use_collision = true
radius = 0.28239
height = 8.13008

[node name="floor" type="CSGBox3D" parent="Stage"]
transform = Transform3D(1, 0, 0, 0, 1, 0, 0, 0, 1, 0.977585, 0, 0.255569)
use_collision = true
size = Vector3(10.9179, 0.002, 8.23963)

[node name="Env" type="Node3D" parent="."]

[node name="Player" parent="." instance=ExtResource("1_yoja3")]
transform = Transform3D(1, 0, 0, 0, 1, 0, 0, 0, 1, -1.31923, 0.272132, 0.687273)
